100
A 0 0  12 P 0.02 0.5 5 20
B 0 4  8  P 0.02 0.5 5 30
C 0 4  11 F 0.02 0.5 5 80
D 0 14 0  F 0.02 0.5 5 80
E 0 3  9  F 0.02 0.5 5 80
A 1 0  12 P 0.02 0.5 5 20
B 2 4  8  P 0.02 0.5 5 30
C 3 4  11 F 0.02 0.5 5 80
D 4 14 0  F 0.02 0.5 5 80
E 5 3  9  F 0.02 0.5 5 80
A 0 0  12 P 0.02 0.5 5 20
B 0 4  8  P 0.02 0.5 5 30
C 0 4  11 F 0.02 0.5 5 80
D 0 14 0  F 0.02 0.5 5 80
E 0 3  9  F 0.02 0.5 5 80
A 1 0  12 P 0.02 0.5 5 20
B 2 4  8  P 0.02 0.5 5 30
C 3 4  11 F 0.02 0.5 5 80
D 4 14 0  F 0.02 0.5 5 80
E 5 3  9  F 0.02 0.5 5 80
A 0 0  12 P 0.02 0.5 5 20
B 0 4  8  P 0.02 0.5 5 30
C 0 4  11 F 0.02 0.5 5 80
D 0 14 0  F 0.02 0.5 5 80
E 0 3  9  F 0.02 0.5 5 80
A 1 0  12 P 0.02 0.5 5 20
B 2 4  8  P 0.02 0.5 5 30
C 3 4  11 F 0.02 0.5 5 80
D 4 14 0  F 0.02 0.5 5 80
E 5 3  9  F 0.02 0.5 5 80
A 0 0  12 P 0.02 0.5 5 20
B 0 4  8  P 0.02 0.5 5 30
C 0 4  11 F 0.02 0.5 5 80
D 0 14 0  F 0.02 0.5 5 80
E 0 3  9  F 0.02 0.5 5 80
A 1 0  12 P 0.02 0.5 5 20
B 2 4  8  P 0.02 0.5 5 30
C 3 4  11 F 0.02 0.5 5 80
D 4 14 0  F 0.02 0.5 5 80
E 5 3  9  F 0.02 0.5 5 80
A 0 0  12 P 0.02 0.5 5 20
B 0 4  8  P 0.02 0.5 5 30
C 0 4  11 F 0.02 0.5 5 80
D 0 14 0  F 0.02 0.5 5 80
E 0 3  9  F 0.02 0.5 5 80
A 1 0  12 P 0.02 0.5 5 20
B 2 4  8  P 0.02 0.5 5 30
C 3 4  11 F 0.02 0.5 5 80
D 4 14 0  F 0.02 0.5 5 80
E 5 3  9  F 0.02 0.5 5 80
A 0 0  12 P 0.02 0.5 5 20
B 0 4  8  P 0.02 0.5 5 30
C 0 4  11 F 0.02 0.5 5 80
D 0 14 0  F 0.02 0.5 5 80
E 0 3  9  F 0.02 0.5 5 80
A 1 0  12 P 0.02 0.5 5 20
B 2 4  8  P 0.02 0.5 5 30
C 3 4  11 F 0.02 0.5 5 80
D 4 14 0  F 0.02 0.5 5 80
E 5 3  9  F 0.02 0.5 5 80
A 0 0  12 P 0.02 0.5 5 20
B 0 4  8  P 0.02 0.5 5 30
C 0 4  11 F 0.02 0.5 5 80
D 0 14 0  F 0.02 0.5 5 80
E 0 3  9  F 0.02 0.5 5 80
A 1 0  12 P 0.02 0.5 5 20
B 2 4  8  P 0.02 0.5 5 30
C 3 4  11 F 0.02 0.5 5 80
D 4 14 0  F 0.02 0.5 5 80
E 5 3  9  F 0.02 0.5 5 80
A 0 0  12 P 0.02 0.5 5 20
B 0 4  8  P 0.02 0.5 5 30
C 0 4  11 F 0.02 0.5 5 80
D 0 14 0  F 0.02 0.5 5 80
E 0 3  9  F 0.02 0.5 5 80
A 1 0  12 P 0.02 0.5 5 20
B 2 4  8  P 0.02 0.5 5 30
C 3 4  11 F 0.02 0.5 5 80
D 4 14 0  F 0.02 0.5 5 80
E 5 3  9  F 0.02 0.5 5 80
A 0 0  12 P 0.02 0.5 5 20
B 0 4  8  P 0.02 0.5 5 30
C 0 4  11 F 0.02 0.5 5 80
D 0 14 0  F 0.02 0.5 5 80
E 0 3  9  F 0.02 0.5 5 80
A 1 0  12 P 0.02 0.5 5 20
B 2 4  8  P 0.02 0.5 5 30
C 3 4  11 F 0.02 0.5 5 80
D 4 14 0  F 0.02 0.5 5 80
E 5 3  9  F 0.02 0.5 5 80
A 0 0  12 P 0.02 0.5 5 20
B 0 4  8  P 0.02 0.5 5 30
C 0 4  11 F 0.02 0.5 5 80
D 0 14 0  F 0.02 0.5 5 80
E 0 3  9  F 0.02 0.5 5 80
A 1 0  12 P 0.02 0.5 5 20
B 2 4  8  P 0.02 0.5 5 30
C 3 4  11 F 0.02 0.5 5 80
D 4 14 0  F 0.02 0.5 5 80
E 5 3  9  F 0.02 0.5 5 80
